"Código","Departamento","Población de 7 años o más","Uso de Celular, computadora e internet","Uso de Celular y computadora","Uso de Celular e internet","Uso de Computadora e internet"
1,"Guatemala",2641109,1096441,1114939,1396155,1139242
2,"El Progreso",151201,23890,25183,41418,25057
3,"Sacatepéquez",287301,80788,83502,103728,87232
4,"Chimaltenango",517360,86944,90858,124682,95626
5,"Escuintla",623009,91315,95485,160386,96101
6,"Santa Rosa",336320,48203,49906,94099,51333
7,"Sololá",358457,49830,52595,68093,55839
8,"Totonicapán",350819,37685,39711,61816,41335
9,"Quetzaltenango",680558,151943,156702,209586,161377
10,"Suchitepéquez",463564,69947,72248,114374,74812
11,"Retalhuleu",274349,43168,44327,75749,45327
12,"San Marcos",848315,90291,94942,157259,96435
13,"Huehuetenango",946716,85831,90340,169577,91436
14,"Quiché",773272,55802,60751,97771,59328
15,"Baja Verapaz",248176,30467,32494,47970,32961
16,"Alta Verapaz",984235,82843,88025,120080,91744
17,"Petén",449331,47211,48812,102101,49495
18,"Izabal",342614,41392,43090,83010,43460
19,"Zacapa",209192,28858,30023,54816,30000
20,"Chiquimula",343834,38668,39624,82596,40287
21,"Jalapa",283478,31731,32852,60499,33567
22,"Jutiapa",415727,51332,53019,115743,53540
