"Código","Municipio","Población de 7 años o más","Uso de Celular, computadora e internet","Uso de Celular y computadora","Uso de Celular e internet","Uso de Computadora e internet"
101,"Guatemala",823541,413195,418986,498236,427192
102,"Santa Catarina Pinula",70958,32936,33364,40060,34100
103,"San José Pinula",68509,24677,25065,30962,25516
104,"San José del Golfo",6206,1202,1220,2570,1256
105,"Palencia",59630,10861,11210,19280,11443
106,"Chinautla",98780,32623,33644,48603,34213
107,"San Pedro Ayampuc",50043,9508,9871,16736,10043
108,"Mixco",413084,210617,213479,256734,219190
109,"San Pedro Sacatepéquez",43666,9548,10017,14227,10464
110,"San Juan Sacatepéquez",184474,34145,35554,50561,36013
111,"San Raymundo",26643,3907,4224,6410,4270
112,"Chuarrancho",10555,625,689,2018,651
113,"Fraijanes",52138,20838,21076,24965,21603
114,"Amatitlán",100917,32927,33767,46719,34352
115,"Villa Nueva",378827,160771,163321,209427,167130
116,"Villa Canales",133606,37353,38161,53748,38941
117,"San Miguel Petapa",119532,60708,61291,74899,62865
201,"Guastatoya",21686,6429,6719,9844,6748
202,"Morazán",10512,710,887,1117,733
203,"San Agustín Acasaguastlán",38035,2986,3228,5411,3095
204,"San Cristóbal Acasaguastlán",6227,822,911,1310,838
205,"El Jícaro",11426,971,1034,2838,1010
206,"Sansare",11416,1571,1689,2359,1673
207,"Sanarate",34148,7915,8104,12973,8371
208,"San Antonio la Paz",17751,2486,2611,5566,2589
301,"Antigua Guatemala",40973,16221,16525,20275,17030
302,"Jocotenango",19292,9538,9705,10962,9944
303,"Pastores",15433,3947,4101,5754,4298
304,"Sumpango",31813,4918,5227,6831,5388
305,"Santo Domingo Xenacoj",10585,2921,3072,3076,3311
306,"Santiago Sacatepéquez",25291,4841,5263,6079,5380
307,"San Bartolomé Milpas Altas",6831,3147,3183,3780,3515
308,"San Lucas Sacatepéquez",20577,11092,11217,13008,11608
309,"Santa Lucía Milpas Altas",13662,4561,4639,6307,4949
310,"Magdalena Milpas Altas",10365,2076,2141,2675,2269
311,"Santa María de Jesús",18454,1754,1913,3044,2343
312,"Ciudad Vieja",29121,7100,7322,8729,7619
313,"San Miguel Dueñas",10985,2214,2366,3949,2346
314,"San Juan Alotenango",20473,2633,2830,3772,2839
315,"San Antonio Aguas Calientes",9900,2923,3049,4166,3300
316,"Santa Catarina Barahona",3546,902,949,1321,1093
401,"Chimaltenango",83554,24487,25022,32510,26177
402,"San José Poaquil",22856,3137,3482,5474,3534
403,"San Martín Jilotepeque",61676,4059,4528,4778,4420
404,"San Juan Comalapa",41229,8459,8911,10152,9413
405,"Santa Apolonia",15016,918,972,1569,998
406,"Tecpán Guatemala",75219,8428,8925,13337,9596
407,"Patzún",49017,8304,8721,11657,9220
408,"San Miguel Pochuta",7463,890,976,1245,963
409,"Patzicía",28069,3990,4160,6030,4378
410,"Santa Cruz Balanyá",7931,1791,1911,2670,2139
411,"Acatenango",19335,2696,2846,4733,2889
412,"San Pedro Yepocapa",28758,3567,3749,6865,4275
413,"San Andrés Itzapa",26742,4554,4685,6444,5077
414,"Parramos",13554,2987,3080,3996,3278
415,"Zaragoza",20166,3831,3965,5968,4197
416,"El Tejar",16775,4846,4925,7254,5072
501,"Escuintla",135581,29375,30216,44490,30460
502,"Santa Lucía Cotzumalguapa",95804,14424,14962,21769,15253
503,"La Democracia",19293,2738,2924,5685,2883
504,"Siquinalá",19307,2719,2805,4612,2806
505,"Masagua",38004,2858,3037,7894,3108
506,"Tiquisate",48081,5119,5272,13262,5377
507,"La Gomera",39179,3586,3778,7552,3766
508,"Guanagazapa",13346,751,793,1667,840
509,"San José",53388,5764,6290,12514,5999
510,"Iztapa",15581,1628,1668,5064,1678
511,"Palín",56334,14205,14574,20908,14974
512,"San Vicente Pacaya",14221,1944,2056,3499,2056
513,"Nueva Concepción",61150,5092,5949,8268,5524
514,"Sipacate",13740,1112,1161,3202,1377
601,"Cuilapa",35176,6565,6736,11914,6854
602,"Barberena",49388,8589,8817,15562,9059
603,"Santa Rosa de Lima",16734,2525,2603,6036,2692
604,"Casillas",21176,1987,2069,6042,2082
605,"San Rafael las Flores",10535,1127,1166,2369,1210
606,"Oratorio",21058,2865,2995,5761,3054
607,"San Juan Tecuaco",8476,990,1053,1755,1108
608,"Chiquimulilla",45898,6107,6325,11377,6431
609,"Taxisco",25394,2683,2835,4420,2978
610,"Santa María Ixhuatán",20106,2055,2146,4875,2139
611,"Guazacapán",15935,3171,3250,4987,3464
612,"Santa Cruz Naranjo",13984,2855,2936,5759,3053
613,"Pueblo Nuevo Viñas",21419,1892,2015,3546,1963
614,"Nueva Santa Rosa",31041,4792,4960,9696,5246
701,"Sololá",75102,11976,12415,16453,13113
702,"San José Chacayá",3387,354,437,447,455
703,"Santa María Visitación",2059,860,903,912,919
704,"Santa Lucía Utatlán",18358,2908,3082,4269,3175
705,"Nahualá",63409,5563,6062,8826,6073
706,"Santa Catarina Ixtahuacán",47679,3307,3581,4757,3858
707,"Santa Clara la Laguna",8071,1784,1873,2004,1945
708,"Concepción",5437,165,168,386,174
709,"San Andrés Semetabaj",11114,1869,1971,2856,2031
710,"Panajachel",13068,5119,5217,6428,5602
711,"Santa Catarina Palopó",3323,291,301,414,300
712,"San Antonio Palopó",12242,1003,1062,1788,1216
713,"San Lucas Tolimán",25377,3440,3645,4230,3968
714,"Santa Cruz la Laguna",4846,453,466,970,615
715,"San Pablo la Laguna",6329,560,679,707,629
716,"San Marcos la Laguna",2298,706,748,809,868
717,"San Juan la Laguna",10300,2687,2845,3003,3063
718,"San Pedro la Laguna",9447,2834,2964,3232,3137
719,"Santiago Atitlán",36611,3951,4176,5602,4698
801,"Totonicapán",90604,18461,19241,26951,19957
802,"San Cristóbal Totonicapán",31310,3843,4099,6092,4072
803,"San Francisco el Alto",49012,3840,4044,7858,4286
804,"San Andrés Xecul",22806,2472,2732,4079,2752
805,"Momostenango",86389,6148,6462,10722,6874
806,"Santa María Chiquimula",44425,1947,2069,3448,2286
807,"Santa Lucía la Reforma",17677,329,369,1502,391
808,"San Bartolo Aguas Calientes",8596,645,695,1164,717
901,"Quetzaltenango",158834,71294,72257,86200,75146
902,"Salcajá",17024,5965,6101,8072,6395
903,"San Juan Olintepeque",29934,9917,10119,12909,10400
904,"San Carlos Sija",25812,2744,2996,4934,2852
905,"Sibilia",7094,784,861,1787,827
906,"Cabricán",19462,1766,1913,2497,1913
907,"Cajolá",11908,811,853,1777,830
908,"San Miguel Siguilá",6369,1053,1094,1830,1091
909,"San Juan Ostuncalco",42771,4967,5268,7010,5340
910,"San Mateo",6756,1766,1946,1995,1879
911,"Concepción Chiquirichapa",14424,1570,1785,2731,1973
912,"San Martín Sacatepéquez",24031,1827,1974,2932,2095
913,"Almolonga",13874,1560,1631,2486,1652
914,"Cantel",36428,7512,7944,9805,8144
915,"Huitán",10758,752,819,995,793
916,"Zunil",12341,1141,1200,2311,1212
917,"Colomba Costa Cuca",40012,3816,4028,6531,4104
918,"San Francisco la Unión",6753,1015,1042,1721,1175
919,"El Palmar",24362,3626,3758,6722,3843
920,"Coatepeque",89886,16859,17406,24991,17813
921,"Génova",31049,2386,2480,5993,2602
922,"Flores Costa Cuca",18371,1754,1944,2626,1846
923,"La Esperanza",19218,6367,6537,8642,6749
924,"Palestina de los Altos",13087,691,746,2089,703
1001,"Mazatenango",66157,17283,17547,24119,17990
1002,"Cuyotenango",28025,4696,4880,7588,5076
1003,"San Francisco Zapotitlán",19113,3966,4043,6069,4362
1004,"San Bernardino",13193,2354,2398,3036,2589
1005,"San José el Ídolo",8469,852,868,2006,875
1006,"Santo Domingo Suchitepéquez",35103,3424,3546,8006,3615
1007,"San Lorenzo",11099,1452,1484,2217,1497
1008,"Samayac",21131,4637,4822,6733,5012
1009,"San Pablo Jocopilas",17457,2929,3028,4864,3084
1010,"San Antonio Suchitepéquez",48964,5762,5951,8978,6031
1011,"San Miguel Panán",8400,725,737,1991,925
1012,"San Gabriel",6214,1773,1811,2774,1913
1013,"Chicacao",49666,3862,4031,6908,4208
1014,"Patulul",34020,4547,4849,6519,4933
1015,"Santa Bárbara",21612,1408,1570,2667,1495
1016,"San Juan Bautista",6454,585,618,1086,668
1017,"Santo Tomas la Unión",10118,2776,2926,3808,2977
1018,"Zunilito",7053,1025,1089,1293,1076
1019,"Pueblo Nuevo",9586,1719,1757,2854,1983
1020,"Río Bravo",22733,1899,1965,4707,2034
1021,"San José La Máquina",18997,2273,2328,6151,2469
1101,"Retalhuleu",76688,17920,18271,26267,18541
1102,"San Sebastián",24897,4647,4732,7839,4926
1103,"Santa Cruz Muluá",11360,1743,1780,3020,1806
1104,"San Martín Zapotitlán",10200,1886,1941,3402,2004
1105,"San Felipe",20609,4287,4402,6657,4589
1106,"San Andrés Villa Seca",39034,2175,2282,7369,2268
1107,"Champerico",27229,2476,2551,6405,2684
1108,"Nuevo San Carlos",33301,4120,4292,7681,4331
1109,"El Asintal",31031,3914,4076,7109,4178
1201,"San Marcos",40156,12301,12568,16675,13049
1202,"San Pedro Sacatepéquez",67734,18301,18882,23350,19602
1203,"San Antonio Sacatepéquez",15824,2544,2630,3742,2802
1204,"Comitancillo",47203,4754,5323,5548,5234
1205,"San Miguel Ixtahuacán",37037,1803,2119,3470,1886
1206,"Concepción Tutuapa",53114,2389,2841,4040,2668
1207,"Tacaná",62127,3296,3546,5613,3514
1208,"Sibinal",12829,1024,1177,1785,1220
1209,"Tajumulco",40307,1130,1194,5495,1158
1210,"Tejutla",31178,2773,2962,5405,2861
1211,"San Rafael Pie de la Cuesta",14546,2665,2752,4436,2858
1212,"Nuevo Progreso",25223,1734,1866,4031,1869
1213,"El Tumbador",36986,2607,2723,4987,2811
1214,"San José el Rodeo",14994,1457,1483,4254,1502
1215,"Malacatán",77289,6386,6517,11744,6688
1216,"Catarina",25409,3287,3362,5890,3540
1217,"Ayutla",30949,4619,4680,9707,4813
1218,"Ocós",9005,610,629,1806,648
1219,"San Pablo",40756,4467,4616,8828,4650
1220,"El Quetzal",19358,1418,1456,4143,1506
1221,"La Reforma",14929,1124,1167,2680,1267
1222,"Pajapita",18310,1869,1914,4625,1994
1223,"Ixchiguán",17944,706,778,1108,736
1224,"San José Ojetenam",15559,433,619,830,439
1225,"San Cristóbal Cucho",13715,846,914,1068,868
1226,"Sipacapa",15951,774,904,1148,793
1227,"Esquipulas Palo Gordo",10687,1465,1524,3008,1647
1228,"Río Blanco",4468,404,420,1081,440
1229,"San Lorenzo",10792,1354,1503,1947,1397
1230,"La Blanca",23936,1751,1873,4815,1975
1301,"Huehuetenango",101248,34468,35092,48712,36416
1302,"Chiantla",71571,6342,6581,10747,6649
1303,"Malacatancito",15959,1808,1869,2869,1901
1304,"Cuilco",48184,1967,2090,7872,2066
1305,"Nentón",36210,1515,1632,4700,1614
1306,"San Pedro Necta",31377,2323,2442,4471,2504
1307,"Jacaltenango",31398,5747,6118,10066,6230
1308,"San Pedro Soloma",38459,3072,3197,7134,3379
1309,"San Ildefonso Ixtahuacán",35055,2839,3089,5127,3015
1310,"Santa Bárbara",26634,322,388,2106,335
1311,"La Libertad",30972,1017,1063,6004,1082
1312,"La Democracia",45266,2534,2672,7819,2665
1313,"San Miguel Acatán",21024,428,487,1155,462
1314,"San Rafael La Independencia",11050,376,447,1003,399
1315,"Todos Santos Cuchumatán",24373,821,879,4015,864
1316,"San Juan Atitán",15907,256,305,538,264
1317,"Santa Eulalia",30707,1816,2110,2965,2271
1318,"San Mateo Ixtatán",34097,579,822,1135,611
1319,"Colotenango",27302,454,544,906,484
1320,"San Sebastián Huehuetenango",26261,1236,1368,2035,1285
1321,"Tectitán",8708,329,362,1330,344
1322,"Concepción Huista",15045,315,376,1996,319
1323,"San Juan Ixcoy",18192,969,1095,1941,1011
1324,"San Antonio Huista",13969,1635,1697,3906,1736
1325,"San Sebastián Coatán",16769,1221,1276,3460,1260
1326,"Santa Cruz Barillas",79492,5351,5748,8948,5706
1327,"Aguacatán",41339,3005,3330,6243,3303
1328,"San Rafael Petzal",9198,606,642,1332,688
1329,"San Gaspar Ixchil",6270,49,75,237,49
1330,"Santiago Chimaltenango",8813,172,210,446,176
1331,"Santa Ana Huista",7886,1002,1021,2619,1057
1332,"Unión Cantinil",12954,799,814,4088,814
1333,"Petatán",5027,458,499,1652,477
1401,"Santa Cruz del Quiché",66028,13077,13393,17868,13705
1402,"Chiché",24260,1266,1325,3892,1390
1403,"Chinique",9486,1066,1128,1461,1100
1404,"Zacualpa",26816,1446,1513,3978,1533
1405,"Chajul",37842,1398,1656,2569,1447
1406,"Santo Tomás Chichicastenango",118034,6434,7245,8835,7063
1407,"Patzité",4962,255,277,614,291
1408,"San Antonio Ilotenango",20228,1300,1349,3692,1387
1409,"San Pedro Jocopilas",25942,684,784,1932,718
1410,"Cunén",32786,2567,2812,3996,2827
1411,"San Juan Cotzal",25617,2954,3140,3591,3323
1412,"Joyabaj",65399,2637,3024,8098,2722
1413,"Santa María Nebaj",60822,5259,6000,7741,5452
1414,"San Andrés Sajcabajá",20824,878,924,1969,912
1415,"San Miguel Uspantán",52438,3032,3316,5660,3240
1416,"Sacapulas",42951,1900,2193,3869,1971
1417,"San Bartolomé Jocotenango",10860,309,346,1098,318
1418,"Canillá",10011,840,865,1646,880
1419,"Chicamán",31535,1668,1945,3061,1757
1420,"Playa Grande Ixcán",78853,5687,6345,9301,6094
1421,"Pachalum",7578,1145,1171,2900,1198
1501,"Salamá",55033,9239,9855,12929,9889
1502,"San Miguel Chicaj",27345,3501,3764,5397,3874
1503,"Rabinal",34690,5870,6155,7689,6635
1504,"Cubulco",45369,2886,3150,4660,3009
1505,"Granados",11644,1700,1732,3775,1802
1506,"Santa Cruz El Chol",8188,632,898,993,654
1507,"San Jerónimo",21412,3940,4047,7056,4153
1508,"Purulhá",44495,2699,2893,5471,2945
1601,"Cobán",176556,32415,33267,44136,35043
1602,"Santa Cruz Verapaz",26246,3821,4008,5676,4104
1603,"San Cristóbal Verapaz",55367,5803,6359,7473,6408
1604,"Tactic",31382,5818,5988,9068,6460
1605,"Tamahú",16174,853,1040,1486,893
1606,"San Miguel Tucurú",34450,1251,1370,1457,1504
1607,"Panzós",56330,1570,1746,2867,2020
1608,"Senahú",73262,1178,1380,1790,1257
1609,"San Pedro Carchá",190682,11598,12711,16798,12783
1610,"San Juan Chamelco",46967,5615,5969,7148,6664
1611,"San Agustín Lanquín",19587,415,504,502,431
1612,"Santa María Cahabón",53122,1929,2086,3470,2169
1613,"Chisec",67101,2469,2694,5121,2813
1614,"Chahal",21430,943,1200,1234,1192
1615,"Fray Bartolomé de las Casas",53309,3225,3494,5357,3483
1616,"Santa Catalina La Tinta",32694,3080,3197,4709,3632
1617,"Raxruhá",29576,860,1012,1788,888
1701,"Flores",32869,8594,8702,14604,9058
1702,"San José",5840,701,722,1671,764
1703,"San Benito",37396,8593,8846,12996,8914
1704,"San Andrés",26660,2101,2204,5652,2312
1705,"La Libertad",59014,3702,3875,12036,3860
1706,"San Francisco",12752,1738,1793,3390,1808
1707,"Santa Ana",18226,1842,1880,4833,1969
1708,"Dolores",22101,1707,1764,4010,1774
1709,"San Luis",54895,2402,2535,7809,2504
1710,"Sayaxché",74570,4001,4291,9202,4154
1711,"Melchor de Mencos",23557,2799,2847,7878,2941
1712,"Poptún",43517,6749,6918,10791,7087
1713,"Las Cruces",26491,1291,1403,4318,1321
1714,"El Chal",11443,991,1032,2911,1029
1801,"Puerto Barrios",88034,20337,20804,34693,21038
1802,"Livingston",60101,4523,4756,9181,4814
1803,"El Estor",57875,4075,4227,6404,4742
1804,"Morales",85458,9719,9936,26552,10051
1805,"Los Amates",51146,2738,3367,6180,2815
1901,"Zacapa",52315,12190,12459,19318,12642
1902,"Estanzuela",8679,1428,1616,1655,1475
1903,"Río Hondo",18647,2822,2932,5711,2965
1904,"Gualán",38900,3593,3795,7789,3705
1905,"Teculután",15264,2736,2787,5678,2830
1906,"Usumatlán",10375,1138,1171,3579,1209
1907,"Cabañas",11566,1233,1274,3559,1290
1908,"San Diego",6210,922,952,1606,959
1909,"La Unión",27064,1142,1202,2719,1207
1910,"Huité",9546,605,645,1552,631
1911,"San Jorge",10626,1049,1190,1650,1087
2001,"Chiquimula",94267,18635,18860,31325,19209
2002,"San José la Arada",7538,643,666,2404,670
2003,"San Juan Ermita",13703,1019,1072,2895,1037
2004,"Jocotán",52224,2353,2440,4756,2523
2005,"Camotán",44574,1520,1570,5272,1648
2006,"Olopa",21810,893,958,2128,923
2007,"Esquipulas",45098,6224,6348,15000,6557
2008,"Concepción las Minas",10260,1036,1078,2884,1054
2009,"Quezaltepeque",24071,2913,3113,6092,3048
2010,"San Jacinto",10780,764,815,2270,776
2011,"Ipala",19509,2668,2704,7570,2842
2101,"Jalapa",130920,19289,19839,30558,20378
2102,"San Pedro Pinula",50234,2367,2522,5597,2520
2103,"San Luis Jilotepeque",21370,2775,2879,6140,2973
2104,"San Manuel Chaparrón",7210,805,824,1839,830
2105,"San Carlos Alzatate",15344,805,867,1651,868
2106,"Monjas",23363,2938,2974,8066,3063
2107,"Mataquescuintla",35037,2752,2947,6648,2935
2201,"Jutiapa",123277,16013,16482,32107,16627
2202,"El Progreso",19244,3878,4025,6097,4038
2203,"Santa Catarina Mita",24867,3559,3643,9445,3672
2204,"Agua Blanca",14356,1648,1679,5282,1684
2205,"Asunción Mita",42018,6450,6567,18591,6842
2206,"Yupiltepeque",14956,1348,1457,3252,1413
2207,"Atescatempa",16106,2556,2636,5468,2664
2208,"Jerez",5568,807,834,1771,848
2209,"El Adelanto",5556,595,623,1430,607
2210,"Zapotitlán",7827,700,740,1634,717
2211,"Comapa",26734,1528,1615,3923,1569
2212,"Jalpatagua",24603,3319,3399,7101,3527
2213,"Conguaco",18830,810,875,1363,907
2214,"Moyuta",33323,3387,3542,6849,3532
2215,"Pasaco",7496,701,734,1136,737
2216,"San José Acatempa",11548,1384,1456,3067,1417
2217,"Quesada",19418,2649,2712,7227,2739
